1    0.000000      0.0000
2    0.000150    371.1632e12
3    0.000300    694.7985e12
4    0.000450    987.0249e12
5    0.000600   1253.4153e12
6    0.000750   1497.1135e12
7    0.000900   1720.3201e12
8    0.001050   1924.6070e12
9    0.001200   2111.3461e12
10    0.001350   2281.7091e12
11    0.001500   2436.8963e12
12    0.001650   2577.9651e12
13    0.001800   2706.0303e12
14    0.001950   2822.2064e12
15    0.002100   2927.6936e12
16    0.002250   3023.4353e12
17    0.002400   3110.6030e12
18    0.002550   3190.0543e12
19    0.002700   3263.2181e12
20    0.002850   3330.9517e12
21    0.003000   3393.8268e12
22    0.003150   3452.9866e12
23    0.003300   3509.0026e12
24    0.003450   3562.1606e12
25    0.003600   3613.6039e12
26    0.003750   3662.7608e12
27    0.003900   3710.4887e12
28    0.004050   3756.7877e12
29    0.004200   3801.3718e12
30    0.004350   3844.5270e12
31    0.004500   3885.9674e12
32    0.004650   3925.6931e12
33    0.004800   3963.1323e12
34    0.004950   3997.9994e12
35    0.005100   4030.5802e12
36    0.005250   4060.3030e12
37    0.005400   4087.1678e12
38    0.005550   4110.6030e12
39    0.005700   4131.1803e12
40    0.005850   4148.6139e12
41    0.006000   4162.9037e12
42    0.006150   4174.0497e12
43    0.006300   4182.6236e12
44    0.006450   4188.3395e12
45    0.006600   4192.0549e12
46    0.006750   4193.4839e12
47    0.006900   4193.4839e12
48    0.007050   4192.0549e12
49    0.007200   4189.4827e12
50    0.007350   4186.0532e12
51    0.007500   4182.3378e12
52    0.007650   4178.0509e12
53    0.007800   4173.7639e12
54    0.007950   4169.4770e12
55    0.008100   4165.1901e12
56    0.008250   4160.9031e12
57    0.008400   4156.3304e12
58    0.008550   4152.0435e12
59    0.008700   4147.1849e12
60    0.008850   4142.3264e12
61    0.009000   4136.6105e12
62    0.009150   4130.3230e12
63    0.009300   4123.1781e12
64    0.009450   4115.1758e12
65    0.009600   4105.7445e12
66    0.009750   4095.4559e12
67    0.009900   4083.7382e12
68    0.010050   4070.8774e12
69    0.010200   4056.5876e12
70    0.010350   4041.1546e12
71    0.010500   4024.5785e12
72    0.010650   4007.1449e12
73    0.010800   3988.8540e12
74    0.010950   3969.7056e12
75    0.011100   3950.2715e12
76    0.011250   3930.2658e12
77    0.011400   3910.2601e12
78    0.011550   3889.9686e12
79    0.011700   3869.6771e12
80    0.011850   3849.3855e12
81    0.012000   3829.3798e12
82    0.012150   3809.0883e12
83    0.012300   3789.0826e12
84    0.012450   3768.7911e12
85    0.012600   3748.4996e12
86    0.012750   3727.9223e12
87    0.012900   3706.7734e12
88    0.013050   3685.3387e12
89    0.013200   3662.7608e12
90    0.013350   3639.6113e12
91    0.013500   3615.3187e12
92    0.013650   3590.1686e12
93    0.013800   3563.5896e12
94    0.013950   3536.1532e12
95    0.014100   3507.2878e12
96    0.014250   3477.2792e12
97    0.014400   3446.1275e12
98    0.014550   3414.1183e12
99    0.014700   3380.9660e12
100    0.014850   3347.2421e12
101    0.015000   3312.6608e12
102    0.015150   3277.7937e12
103    0.015300   3242.6408e12
104    0.015450   3207.2021e12
105    0.015600   3171.4776e12
106    0.015750   3136.0389e12
107    0.015900   3100.6002e12
108    0.016050   3065.1615e12
109    0.016200   3029.7228e12
110    0.016350   2994.5699e12
111    0.016500   2959.1312e12
112    0.016650   2923.6925e12
113    0.016800   2888.2538e12
114    0.016950   2852.2721e12
115    0.017100   2815.9188e12
116    0.017250   2779.0226e12
117    0.017400   2741.4690e12
118    0.017550   2703.1152e12
119    0.017700   2663.8754e12
120    0.017850   2623.7211e12
121    0.018000   2582.5665e12
122    0.018150   2540.4116e12
123    0.018300   2497.2564e12
124    0.018450   2453.1866e12
125    0.018600   2408.2309e12
126    0.018750   2362.5036e12
127    0.018900   2316.1189e12
128    0.019050   2269.1626e12
129    0.019200   2221.8062e12
130    0.019350   2174.1355e12
131    0.019500   2126.3218e12
132    0.019650   2078.4224e12
133    0.019800   2030.5516e12
134    0.019950   1982.8237e12
135    0.020100   1935.2386e12
136    0.020250   1887.8823e12
137    0.020400   1840.7259e12
138    0.020550   1793.7697e12
139    0.020700   1746.9849e12
140    0.020850   1700.3430e12
141    0.021000   1653.8154e12
142    0.021150   1607.3164e12
143    0.021300   1560.8174e12
144    0.021450   1514.2898e12
145    0.021600   1467.6765e12
146    0.021750   1420.9774e12
147    0.021900   1374.2212e12
148    0.022050   1327.4078e12
149    0.022200   1280.5945e12
150    0.022350   1233.8668e12
151    0.022500   1187.3107e12
152    0.022650   1141.0403e12
153    0.022800   1095.1701e12
154    0.022950   1049.8428e12
155    0.023100   1005.1443e12
156    0.023250    961.2461e12
157    0.023400    918.2624e12
158    0.023550    876.2789e12
159    0.023700    835.3815e12
160    0.023850    795.6273e12
161    0.024000    757.0735e12
162    0.024150    719.7199e12
163    0.024300    683.5382e12
164    0.024450    648.4710e12
165    0.024600    614.4899e12
166    0.024750    581.4804e12
167    0.024900    549.3570e12
168    0.025050    518.0051e12
169    0.025200    487.3107e12
170    0.025350    457.1878e12
171    0.025500    427.5222e12
172    0.025650    398.2566e12
173    0.025800    369.2769e12
174    0.025950    340.5544e12
175    0.026100    312.0892e12
176    0.026250    283.8354e12
177    0.026400    255.8388e12
178    0.026550    228.1366e12
179    0.026700    200.7802e12
180    0.026850    173.8382e12
181    0.027000    147.3850e12
182    0.027150    121.4976e12
183    0.027300     96.2446e12
184    0.027450     71.6919e12
185    0.027600     47.8851e12
186    0.027750     24.8594e12
187    0.027900      2.6202e12
188    0.028050    -18.8468e12
189    0.028200    -39.5799e12
190    0.028350    -59.6428e12
191    0.028500    -79.1169e12
192    0.028650    -98.1052e12
193    0.028800   -116.7219e12
194    0.028950   -135.0900e12
195    0.029100   -153.3352e12
196    0.029250   -171.5833e12
197    0.029400   -189.9400e12
198    0.029550   -208.5110e12
199    0.029700   -227.3678e12
200    0.029850   -246.5704e12
