   .30000E+03   .36931E-06   .31545E-06   .46165E-06
   .54989E+03   .47904E-06   .47915E-06   .63293E-06
   .10079E+04   .53684E-06   .62171E-06   .86266E-06
   .18475E+04   .72491E-06   .93952E-06   .11721E-05
   .33865E+04   .11283E-05   .10575E-05   .15900E-05
   .62074E+04   .16275E-05   .14977E-05   .21550E-05
   .11378E+05   .21890E-05   .23374E-05   .29192E-05
   .20856E+05   .27624E-05   .35917E-05   .39535E-05
   .38228E+05   .42599E-05   .46968E-05   .53535E-05
   .70072E+05   .54623E-05   .57106E-05   .72486E-05
   .12844E+06   .57163E-05   .77249E-05   .98142E-05
   .23543E+06   .87142E-05   .97082E-05   .13288E-04
   .43153E+06   .13106E-04   .13690E-04   .17990E-04
   .79100E+06   .15841E-04   .16937E-04   .24356E-04
   .14499E+07   .21388E-04   .23618E-04   .32976E-04
   .26576E+07   .29336E-04   .29338E-04   .44645E-04
   .48713E+07   .40593E-04   .50396E-04   .60444E-04
   .89291E+07   .61139E-04   .63807E-04   .81834E-04
   .16367E+08   .79897E-04   .89217E-04   .11079E-03
   .30000E+08   .10331E-03   .11022E-03   .15000E-03
