   .30000E+03   .71223E-08   .72211E-08   .94819E-08
   .54989E+03   .88412E-08   .93724E-08   .12840E-07
   .10079E+04   .13590E-07   .13450E-07   .17386E-07
   .18475E+04   .18191E-07   .19232E-07   .23541E-07
   .33865E+04   .24891E-07   .23052E-07   .31873E-07
   .62074E+04   .35587E-07   .32015E-07   .43152E-07
   .11378E+05   .47044E-07   .41347E-07   .58424E-07
   .20856E+05   .57622E-07   .53010E-07   .79099E-07
   .38228E+05   .73250E-07   .70375E-07   .10709E-06
   .70072E+05   .98868E-07   .10300E-06   .14499E-06
   .12844E+06   .11767E-06   .14135E-06   .19630E-06
   .23543E+06   .20027E-06   .21671E-06   .26576E-06
   .43153E+06   .27521E-06   .25123E-06   .35981E-06
   .79100E+06   .32719E-06   .34171E-06   .48713E-06
   .14499E+07   .49606E-06   .47354E-06   .65952E-06
   .26576E+07   .63476E-06   .65580E-06   .89291E-06
   .48713E+07   .76360E-06   .89406E-06   .12089E-05
   .89291E+07   .12001E-05   .12885E-05   .16367E-05
   .16367E+08   .17001E-05   .14746E-05   .22159E-05
   .30000E+08   .18129E-05   .16560E-05   .30000E-05
