   .30000E+03   .45112E-07   .41699E-07   .66834E-07
   .54989E+03   .66604E-07   .57217E-07   .90638E-07
   .10079E+04   .93848E-07   .83947E-07   .12283E-06
   .18475E+04   .12345E-06   .12934E-06   .16637E-06
   .33865E+04   .15165E-06   .14814E-06   .22531E-06
   .62074E+04   .24309E-06   .19926E-06   .30509E-06
   .11378E+05   .26357E-06   .27092E-06   .41308E-06
   .20856E+05   .34259E-06   .32070E-06   .55929E-06
   .38228E+05   .52621E-06   .46189E-06   .75723E-06
   .70072E+05   .77125E-06   .73038E-06   .10252E-05
   .12844E+06   .90169E-06   .92710E-06   .13880E-05
   .23543E+06   .14120E-05   .13270E-05   .18792E-05
   .43153E+06   .20240E-05   .15432E-05   .25442E-05
   .79100E+06   .24669E-05   .21501E-05   .34445E-05
   .14499E+07   .31761E-05   .29934E-05   .46635E-05
   .26576E+07   .36737E-05   .44494E-05   .63138E-05
   .48713E+07   .59426E-05   .67281E-05   .85481E-05
   .89291E+07   .96309E-05   .81910E-05   .11573E-04
   .16367E+08   .10875E-04   .12332E-04   .15668E-04
   .30000E+08   .12727E-04   .13769E-04   .21213E-04
